[ 
    { 
        "name": "lmao 1",
        "chassis": "14",
        "brain": "5",
        "battery": "1",
        "weapons": [ 19, 19, 19, -1, -1, -1, -1, -1 ],
        "armor": [ 0, 0, 0, 0, 0, 0, -1, -1 ],
        "augs": [ 15, 15, 15, 15, 15, 15, -1, -1 ],
        "levels": [ 0, 0, 0, 2, 2, 2, 0, 0, 0, 0, 0, 2, 2, 2, 2, 2, 2, 0, 0, 2, 2, 2, 2, 2, 2, 0, 0, 0, 0, 0, 0, 0, 0, 0, 0 ]
    },
    { 
        "name": "boa 2",
        "chassis": "0",
        "brain": "0",
        "battery": "0",
        "weapons": [ -1, -1, -1, -1, -1, -1, -1, -1 ],
        "armor": [ -1, -1, -1, -1, -1, -1, -1, -1 ],
        "augs": [ -1, -1, -1, -1, -1, -1, -1, -1 ],
        "levels": [ 0, 0, 0, 0, 0, 0, 0, 0, 0, 0, 0, 0, 0, 0, 0, 0, 0, 0, 0, 0, 0, 0, 0, 0, 0, 0, 0, 0, 0, 0, 0, 0, 0, 0, 0 ]
    },
    { 
        "name": "ridge",
        "chassis": "0",
        "brain": "5",
        "battery": "1",
        "weapons": [ 23, 19, 19, -1, -1, -1, -1, -1 ],
        "armor": [ 0, 0, 0, 0, 0, 0, -1, -1 ],
        "augs": [ 15, 15, 15, 15, 15, 15, -1, -1 ],
        "levels": [ 0, 0, 0, 2, 2, 2, 0, 0, 0, 0, 0, 2, 2, 2, 2, 2, 2, 0, 0, 2, 2, 2, 2, 2, 2, 0, 0, 0, 0, 0, 0, 0, 0, 0, 0 ]
    },
    { 
        "name": "min",
        "chassis": "0",
        "brain": "0",
        "battery": "0",
        "weapons": [ 0, -1, -1, -1, -1, -1, -1, -1 ],
        "armor": [ -1, -1, -1, -1, -1, -1, -1, -1 ],
        "augs": [ -1, -1, -1, -1, -1, -1, -1, -1 ],
        "levels": [ 0, 0, 0, 0, 0, 0, 0, 0, 0, 0, 0, 0, 0, 0, 0, 0, 0, 0, 0, 0, 0, 0, 0, 0, 0, 0, 0, 0, 0, 0, 0, 0, 0, 0, 0 ]
    },
    { 
        "name": "fortissimo",
        "chassis": "14",
        "brain": "0",
        "battery": "5",
        "weapons": [ 28, 13, 14, 2, -1, -1, -1, -1 ],
        "armor": [ 0, 2, 6, 3, 7, 10, -1, -1 ],
        "augs": [ 1, 6, 15, 8, 7, 11, -1, -1 ],
        "levels": [ 0, 0, 0, 0, 0, 0, 0, 0, 0, 0, 0, 0, 0, 0, 0, 0, 0, 0, 0, 0, 0, 0, 0, 0, 0, 0, 0, 0, 0, 0, 0, 0, 0, 0, 0 ]
    } 
]